2022/04/27-13:13:42.039742 21a3c8000 RocksDB version: 6.25.3
2022/04/27-13:13:42.039861 21a3c8000 Git sha 0
2022/04/27-13:13:42.039865 21a3c8000 Compile date 2022-04-25 23:38:45
2022/04/27-13:13:42.039938 21a3c8000 DB SUMMARY
2022/04/27-13:13:42.039943 21a3c8000 DB Session ID:  2CW4DBSMZCWKV2Y4V0UE
2022/04/27-13:13:42.040993 21a3c8000 SST files in /Users/liaohua/function_server_base_on_arweave/_build/dev/lib/function_server_based_on_arweave/priv/db_moonbeam_dao_nft/ dir, Total Num: 0, files: 
2022/04/27-13:13:42.041004 21a3c8000 Write Ahead Log file in /Users/liaohua/function_server_base_on_arweave/_build/dev/lib/function_server_based_on_arweave/priv/db_moonbeam_dao_nft/: 
2022/04/27-13:13:42.041009 21a3c8000                         Options.error_if_exists: 0
2022/04/27-13:13:42.041156 21a3c8000                       Options.create_if_missing: 1
2022/04/27-13:13:42.041161 21a3c8000                         Options.paranoid_checks: 1
2022/04/27-13:13:42.041163 21a3c8000             Options.flush_verify_memtable_count: 1
2022/04/27-13:13:42.041164 21a3c8000                               Options.track_and_verify_wals_in_manifest: 0
2022/04/27-13:13:42.041166 21a3c8000                                     Options.env: 0x60970258
2022/04/27-13:13:42.041171 21a3c8000                                      Options.fs: Posix File System
2022/04/27-13:13:42.041173 21a3c8000                                Options.info_log: 0x7ff379705380
2022/04/27-13:13:42.041175 21a3c8000                Options.max_file_opening_threads: 16
2022/04/27-13:13:42.041176 21a3c8000                              Options.statistics: 0x0
2022/04/27-13:13:42.041178 21a3c8000                               Options.use_fsync: 0
2022/04/27-13:13:42.041179 21a3c8000                       Options.max_log_file_size: 0
2022/04/27-13:13:42.041181 21a3c8000                  Options.max_manifest_file_size: 1073741824
2022/04/27-13:13:42.041183 21a3c8000                   Options.log_file_time_to_roll: 0
2022/04/27-13:13:42.041184 21a3c8000                       Options.keep_log_file_num: 1000
2022/04/27-13:13:42.041186 21a3c8000                    Options.recycle_log_file_num: 0
2022/04/27-13:13:42.041187 21a3c8000                         Options.allow_fallocate: 1
2022/04/27-13:13:42.041189 21a3c8000                        Options.allow_mmap_reads: 0
2022/04/27-13:13:42.041190 21a3c8000                       Options.allow_mmap_writes: 0
2022/04/27-13:13:42.041191 21a3c8000                        Options.use_direct_reads: 0
2022/04/27-13:13:42.041193 21a3c8000                        Options.use_direct_io_for_flush_and_compaction: 0
2022/04/27-13:13:42.041194 21a3c8000          Options.create_missing_column_families: 0
2022/04/27-13:13:42.041196 21a3c8000                              Options.db_log_dir: 
2022/04/27-13:13:42.041197 21a3c8000                                 Options.wal_dir: 
2022/04/27-13:13:42.041198 21a3c8000                Options.table_cache_numshardbits: 6
2022/04/27-13:13:42.041200 21a3c8000                         Options.WAL_ttl_seconds: 0
2022/04/27-13:13:42.041201 21a3c8000                       Options.WAL_size_limit_MB: 0
2022/04/27-13:13:42.041203 21a3c8000                        Options.max_write_batch_group_size_bytes: 1048576
2022/04/27-13:13:42.041204 21a3c8000             Options.manifest_preallocation_size: 4194304
2022/04/27-13:13:42.041206 21a3c8000                     Options.is_fd_close_on_exec: 1
2022/04/27-13:13:42.041207 21a3c8000                   Options.advise_random_on_open: 1
2022/04/27-13:13:42.041208 21a3c8000                   Options.experimental_mempurge_threshold: 0.000000
2022/04/27-13:13:42.041219 21a3c8000                    Options.db_write_buffer_size: 0
2022/04/27-13:13:42.041222 21a3c8000                    Options.write_buffer_manager: 0x7ff379706aa0
2022/04/27-13:13:42.041224 21a3c8000         Options.access_hint_on_compaction_start: 1
2022/04/27-13:13:42.041225 21a3c8000  Options.new_table_reader_for_compaction_inputs: 0
2022/04/27-13:13:42.041226 21a3c8000           Options.random_access_max_buffer_size: 1048576
2022/04/27-13:13:42.041228 21a3c8000                      Options.use_adaptive_mutex: 0
2022/04/27-13:13:42.041270 21a3c8000                            Options.rate_limiter: 0x0
2022/04/27-13:13:42.041277 21a3c8000     Options.sst_file_manager.rate_bytes_per_sec: 0
2022/04/27-13:13:42.041279 21a3c8000                       Options.wal_recovery_mode: 2
2022/04/27-13:13:42.041280 21a3c8000                  Options.enable_thread_tracking: 0
2022/04/27-13:13:42.041282 21a3c8000                  Options.enable_pipelined_write: 0
2022/04/27-13:13:42.041283 21a3c8000                  Options.unordered_write: 0
2022/04/27-13:13:42.041285 21a3c8000         Options.allow_concurrent_memtable_write: 1
2022/04/27-13:13:42.041286 21a3c8000      Options.enable_write_thread_adaptive_yield: 1
2022/04/27-13:13:42.041287 21a3c8000             Options.write_thread_max_yield_usec: 100
2022/04/27-13:13:42.041289 21a3c8000            Options.write_thread_slow_yield_usec: 3
2022/04/27-13:13:42.041291 21a3c8000                               Options.row_cache: None
2022/04/27-13:13:42.041292 21a3c8000                              Options.wal_filter: None
2022/04/27-13:13:42.041294 21a3c8000             Options.avoid_flush_during_recovery: 0
2022/04/27-13:13:42.041295 21a3c8000             Options.allow_ingest_behind: 0
2022/04/27-13:13:42.041296 21a3c8000             Options.preserve_deletes: 0
2022/04/27-13:13:42.041298 21a3c8000             Options.two_write_queues: 0
2022/04/27-13:13:42.041299 21a3c8000             Options.manual_wal_flush: 0
2022/04/27-13:13:42.041300 21a3c8000             Options.atomic_flush: 0
2022/04/27-13:13:42.041302 21a3c8000             Options.avoid_unnecessary_blocking_io: 0
2022/04/27-13:13:42.041303 21a3c8000                 Options.persist_stats_to_disk: 0
2022/04/27-13:13:42.041305 21a3c8000                 Options.write_dbid_to_manifest: 0
2022/04/27-13:13:42.041306 21a3c8000                 Options.log_readahead_size: 0
2022/04/27-13:13:42.041307 21a3c8000                 Options.file_checksum_gen_factory: Unknown
2022/04/27-13:13:42.041309 21a3c8000                 Options.best_efforts_recovery: 0
2022/04/27-13:13:42.041311 21a3c8000                Options.max_bgerror_resume_count: 2147483647
2022/04/27-13:13:42.041312 21a3c8000            Options.bgerror_resume_retry_interval: 1000000
2022/04/27-13:13:42.041314 21a3c8000             Options.allow_data_in_errors: 0
2022/04/27-13:13:42.041315 21a3c8000             Options.db_host_id: __hostname__
2022/04/27-13:13:42.041317 21a3c8000             Options.max_background_jobs: 2
2022/04/27-13:13:42.041318 21a3c8000             Options.max_background_compactions: -1
2022/04/27-13:13:42.041320 21a3c8000             Options.max_subcompactions: 1
2022/04/27-13:13:42.041321 21a3c8000             Options.avoid_flush_during_shutdown: 0
2022/04/27-13:13:42.041323 21a3c8000           Options.writable_file_max_buffer_size: 1048576
2022/04/27-13:13:42.041324 21a3c8000             Options.delayed_write_rate : 16777216
2022/04/27-13:13:42.041326 21a3c8000             Options.max_total_wal_size: 0
2022/04/27-13:13:42.041327 21a3c8000             Options.delete_obsolete_files_period_micros: 21600000000
2022/04/27-13:13:42.041329 21a3c8000                   Options.stats_dump_period_sec: 600
2022/04/27-13:13:42.041330 21a3c8000                 Options.stats_persist_period_sec: 600
2022/04/27-13:13:42.041332 21a3c8000                 Options.stats_history_buffer_size: 1048576
2022/04/27-13:13:42.041333 21a3c8000                          Options.max_open_files: -1
2022/04/27-13:13:42.041335 21a3c8000                          Options.bytes_per_sync: 0
2022/04/27-13:13:42.041336 21a3c8000                      Options.wal_bytes_per_sync: 0
2022/04/27-13:13:42.041337 21a3c8000                   Options.strict_bytes_per_sync: 0
2022/04/27-13:13:42.041339 21a3c8000       Options.compaction_readahead_size: 0
2022/04/27-13:13:42.041340 21a3c8000                  Options.max_background_flushes: -1
2022/04/27-13:13:42.041342 21a3c8000 Compression algorithms supported:
2022/04/27-13:13:42.041344 21a3c8000 	kZSTD supported: 0
2022/04/27-13:13:42.041346 21a3c8000 	kZlibCompression supported: 0
2022/04/27-13:13:42.041362 21a3c8000 	kXpressCompression supported: 0
2022/04/27-13:13:42.041363 21a3c8000 	kSnappyCompression supported: 0
2022/04/27-13:13:42.041365 21a3c8000 	kZSTDNotFinalCompression supported: 0
2022/04/27-13:13:42.041366 21a3c8000 	kLZ4HCCompression supported: 0
2022/04/27-13:13:42.041368 21a3c8000 	kLZ4Compression supported: 0
2022/04/27-13:13:42.041369 21a3c8000 	kBZip2Compression supported: 0
2022/04/27-13:13:42.041387 21a3c8000 Fast CRC32 supported: Supported on x86
2022/04/27-13:13:42.042478 21a3c8000 [db/db_impl/db_impl_open.cc:298] Creating manifest 1 
2022/04/27-13:13:42.043404 21a3c8000 [db/version_set.cc:4737] Recovering from manifest file: /Users/liaohua/function_server_base_on_arweave/_build/dev/lib/function_server_based_on_arweave/priv/db_moonbeam_dao_nft/MANIFEST-000001
2022/04/27-13:13:42.044756 21a3c8000 [db/column_family.cc:604] --------------- Options for column family [default]:
2022/04/27-13:13:42.044921 21a3c8000               Options.comparator: leveldb.BytewiseComparator
2022/04/27-13:13:42.044929 21a3c8000           Options.merge_operator: None
2022/04/27-13:13:42.044932 21a3c8000        Options.compaction_filter: None
2022/04/27-13:13:42.044933 21a3c8000        Options.compaction_filter_factory: None
2022/04/27-13:13:42.044935 21a3c8000  Options.sst_partitioner_factory: None
2022/04/27-13:13:42.044937 21a3c8000         Options.memtable_factory: SkipListFactory
2022/04/27-13:13:42.044939 21a3c8000            Options.table_factory: BlockBasedTable
2022/04/27-13:13:42.045000 21a3c8000            table_factory options:   flush_block_policy_factory: FlushBlockBySizePolicyFactory (0x7ff379705960)
  cache_index_and_filter_blocks: 0
  cache_index_and_filter_blocks_with_high_priority: 1
  pin_l0_filter_and_index_blocks_in_cache: 0
  pin_top_level_index_and_filter: 1
  index_type: 0
  data_block_index_type: 0
  index_shortening: 1
  data_block_hash_table_util_ratio: 0.750000
  hash_index_allow_collision: 1
  checksum: 1
  no_block_cache: 0
  block_cache: 0x7ff3797059b8
  block_cache_name: LRUCache
  block_cache_options:
    capacity : 8388608
    num_shard_bits : 4
    strict_capacity_limit : 0
    memory_allocator : None
    high_pri_pool_ratio: 0.000
  block_cache_compressed: 0x0
  persistent_cache: 0x0
  block_size: 4096
  block_size_deviation: 10
  block_restart_interval: 16
  index_block_restart_interval: 1
  metadata_block_size: 4096
  partition_filters: 0
  use_delta_encoding: 1
  filter_policy: nullptr
  whole_key_filtering: 1
  verify_compression: 0
  read_amp_bytes_per_bit: 0
  format_version: 5
  enable_index_compression: 1
  block_align: 0
  max_auto_readahead_size: 262144
  prepopulate_block_cache: 0
2022/04/27-13:13:42.045394 21a3c8000        Options.write_buffer_size: 67108864
2022/04/27-13:13:42.045397 21a3c8000  Options.max_write_buffer_number: 2
2022/04/27-13:13:42.045564 21a3c8000          Options.compression: NoCompression
2022/04/27-13:13:42.045567 21a3c8000                  Options.bottommost_compression: Disabled
2022/04/27-13:13:42.045569 21a3c8000       Options.prefix_extractor: nullptr
2022/04/27-13:13:42.045571 21a3c8000   Options.memtable_insert_with_hint_prefix_extractor: nullptr
2022/04/27-13:13:42.045573 21a3c8000             Options.num_levels: 7
2022/04/27-13:13:42.045575 21a3c8000        Options.min_write_buffer_number_to_merge: 1
2022/04/27-13:13:42.045577 21a3c8000     Options.max_write_buffer_number_to_maintain: 0
2022/04/27-13:13:42.045578 21a3c8000     Options.max_write_buffer_size_to_maintain: 0
2022/04/27-13:13:42.045580 21a3c8000            Options.bottommost_compression_opts.window_bits: -14
2022/04/27-13:13:42.045582 21a3c8000                  Options.bottommost_compression_opts.level: 32767
2022/04/27-13:13:42.045584 21a3c8000               Options.bottommost_compression_opts.strategy: 0
2022/04/27-13:13:42.045585 21a3c8000         Options.bottommost_compression_opts.max_dict_bytes: 0
2022/04/27-13:13:42.045587 21a3c8000         Options.bottommost_compression_opts.zstd_max_train_bytes: 0
2022/04/27-13:13:42.045589 21a3c8000         Options.bottommost_compression_opts.parallel_threads: 1
2022/04/27-13:13:42.045613 21a3c8000                  Options.bottommost_compression_opts.enabled: false
2022/04/27-13:13:42.045617 21a3c8000         Options.bottommost_compression_opts.max_dict_buffer_bytes: 0
2022/04/27-13:13:42.045619 21a3c8000            Options.compression_opts.window_bits: -14
2022/04/27-13:13:42.045620 21a3c8000                  Options.compression_opts.level: 32767
2022/04/27-13:13:42.045622 21a3c8000               Options.compression_opts.strategy: 0
2022/04/27-13:13:42.045626 21a3c8000         Options.compression_opts.max_dict_bytes: 0
2022/04/27-13:13:42.045627 21a3c8000         Options.compression_opts.zstd_max_train_bytes: 0
2022/04/27-13:13:42.045629 21a3c8000         Options.compression_opts.parallel_threads: 1
2022/04/27-13:13:42.045630 21a3c8000                  Options.compression_opts.enabled: false
2022/04/27-13:13:42.045632 21a3c8000         Options.compression_opts.max_dict_buffer_bytes: 0
2022/04/27-13:13:42.045634 21a3c8000      Options.level0_file_num_compaction_trigger: 4
2022/04/27-13:13:42.045635 21a3c8000          Options.level0_slowdown_writes_trigger: 20
2022/04/27-13:13:42.045637 21a3c8000              Options.level0_stop_writes_trigger: 36
2022/04/27-13:13:42.045639 21a3c8000                   Options.target_file_size_base: 67108864
2022/04/27-13:13:42.045640 21a3c8000             Options.target_file_size_multiplier: 1
2022/04/27-13:13:42.045642 21a3c8000                Options.max_bytes_for_level_base: 268435456
2022/04/27-13:13:42.045644 21a3c8000 Options.level_compaction_dynamic_level_bytes: 0
2022/04/27-13:13:42.045645 21a3c8000          Options.max_bytes_for_level_multiplier: 10.000000
2022/04/27-13:13:42.045648 21a3c8000 Options.max_bytes_for_level_multiplier_addtl[0]: 1
2022/04/27-13:13:42.045650 21a3c8000 Options.max_bytes_for_level_multiplier_addtl[1]: 1
2022/04/27-13:13:42.045652 21a3c8000 Options.max_bytes_for_level_multiplier_addtl[2]: 1
2022/04/27-13:13:42.045653 21a3c8000 Options.max_bytes_for_level_multiplier_addtl[3]: 1
2022/04/27-13:13:42.045655 21a3c8000 Options.max_bytes_for_level_multiplier_addtl[4]: 1
2022/04/27-13:13:42.045657 21a3c8000 Options.max_bytes_for_level_multiplier_addtl[5]: 1
2022/04/27-13:13:42.045658 21a3c8000 Options.max_bytes_for_level_multiplier_addtl[6]: 1
2022/04/27-13:13:42.045660 21a3c8000       Options.max_sequential_skip_in_iterations: 8
2022/04/27-13:13:42.045661 21a3c8000                    Options.max_compaction_bytes: 1677721600
2022/04/27-13:13:42.045663 21a3c8000                        Options.arena_block_size: 1048576
2022/04/27-13:13:42.045665 21a3c8000   Options.soft_pending_compaction_bytes_limit: 68719476736
2022/04/27-13:13:42.045667 21a3c8000   Options.hard_pending_compaction_bytes_limit: 274877906944
2022/04/27-13:13:42.045669 21a3c8000       Options.rate_limit_delay_max_milliseconds: 100
2022/04/27-13:13:42.045670 21a3c8000                Options.disable_auto_compactions: 0
2022/04/27-13:13:42.045673 21a3c8000                        Options.compaction_style: kCompactionStyleLevel
2022/04/27-13:13:42.045675 21a3c8000                          Options.compaction_pri: kMinOverlappingRatio
2022/04/27-13:13:42.045677 21a3c8000 Options.compaction_options_universal.size_ratio: 1
2022/04/27-13:13:42.045678 21a3c8000 Options.compaction_options_universal.min_merge_width: 2
2022/04/27-13:13:42.045680 21a3c8000 Options.compaction_options_universal.max_merge_width: 4294967295
2022/04/27-13:13:42.045681 21a3c8000 Options.compaction_options_universal.max_size_amplification_percent: 200
2022/04/27-13:13:42.045683 21a3c8000 Options.compaction_options_universal.compression_size_percent: -1
2022/04/27-13:13:42.045686 21a3c8000 Options.compaction_options_universal.stop_style: kCompactionStopStyleTotalSize
2022/04/27-13:13:42.045688 21a3c8000 Options.compaction_options_fifo.max_table_files_size: 1073741824
2022/04/27-13:13:42.045690 21a3c8000 Options.compaction_options_fifo.allow_compaction: 0
2022/04/27-13:13:42.045693 21a3c8000                   Options.table_properties_collectors: 
2022/04/27-13:13:42.045711 21a3c8000                   Options.inplace_update_support: 0
2022/04/27-13:13:42.045713 21a3c8000                 Options.inplace_update_num_locks: 10000
2022/04/27-13:13:42.045714 21a3c8000               Options.memtable_prefix_bloom_size_ratio: 0.000000
2022/04/27-13:13:42.045716 21a3c8000               Options.memtable_whole_key_filtering: 0
2022/04/27-13:13:42.045718 21a3c8000   Options.memtable_huge_page_size: 0
2022/04/27-13:13:42.045720 21a3c8000                           Options.bloom_locality: 0
2022/04/27-13:13:42.045721 21a3c8000                    Options.max_successive_merges: 0
2022/04/27-13:13:42.045723 21a3c8000                Options.optimize_filters_for_hits: 0
2022/04/27-13:13:42.045725 21a3c8000                Options.paranoid_file_checks: 0
2022/04/27-13:13:42.045726 21a3c8000                Options.force_consistency_checks: 1
2022/04/27-13:13:42.045728 21a3c8000                Options.report_bg_io_stats: 0
2022/04/27-13:13:42.045729 21a3c8000                               Options.ttl: 2592000
2022/04/27-13:13:42.045731 21a3c8000          Options.periodic_compaction_seconds: 0
2022/04/27-13:13:42.045733 21a3c8000                    Options.enable_blob_files: false
2022/04/27-13:13:42.045734 21a3c8000                        Options.min_blob_size: 0
2022/04/27-13:13:42.045736 21a3c8000                       Options.blob_file_size: 268435456
2022/04/27-13:13:42.045738 21a3c8000                Options.blob_compression_type: NoCompression
2022/04/27-13:13:42.045740 21a3c8000       Options.enable_blob_garbage_collection: false
2022/04/27-13:13:42.045741 21a3c8000   Options.blob_garbage_collection_age_cutoff: 0.250000
2022/04/27-13:13:42.050735 21a3c8000 [db/version_set.cc:4785] Recovered from manifest file:/Users/liaohua/function_server_base_on_arweave/_build/dev/lib/function_server_based_on_arweave/priv/db_moonbeam_dao_nft/MANIFEST-000001 succeeded,manifest_file_number is 1, next_file_number is 3, last_sequence is 0, log_number is 0,prev_log_number is 0,max_column_family is 0,min_log_number_to_keep is 0
2022/04/27-13:13:42.050740 21a3c8000 [db/version_set.cc:4794] Column family [default] (ID 0), log number is 0
2022/04/27-13:13:42.051106 21a3c8000 [db/version_set.cc:4275] Creating manifest 4
2022/04/27-13:13:42.058367 21a3c8000 [db/db_impl/db_impl_open.cc:1779] SstFileManager instance 0x7ff379436640
2022/04/27-13:13:42.058403 21a3c8000 DB pointer 0x7ff36a00c000
2022/04/27-13:13:42.058921 21a7a4000 [db/db_impl/db_impl.cc:1002] ------- DUMPING STATS -------
2022/04/27-13:13:42.058927 21a7a4000 [db/db_impl/db_impl.cc:1003] 
** DB Stats **
Uptime(secs): 0.0 total, 0.0 interval
Cumulative writes: 0 writes, 0 keys, 0 commit groups, 0.0 writes per commit group, ingest: 0.00 GB, 0.00 MB/s
Cumulative WAL: 0 writes, 0 syncs, 0.00 writes per sync, written: 0.00 GB, 0.00 MB/s
Cumulative stall: 00:00:0.000 H:M:S, 0.0 percent
Interval writes: 0 writes, 0 keys, 0 commit groups, 0.0 writes per commit group, ingest: 0.00 MB, 0.00 MB/s
Interval WAL: 0 writes, 0 syncs, 0.00 writes per sync, written: 0.00 GB, 0.00 MB/s
Interval stall: 00:00:0.000 H:M:S, 0.0 percent

** Compaction Stats [default] **
Level    Files   Size     Score Read(GB)  Rn(GB) Rnp1(GB) Write(GB) Wnew(GB) Moved(GB) W-Amp Rd(MB/s) Wr(MB/s) Comp(sec) CompMergeCPU(sec) Comp(cnt) Avg(sec) KeyIn KeyDrop Rblob(GB) Wblob(GB)
------------------------------------------------------------------------------------------------------------------------------------------------------------------------------------------------
 Sum      0/0    0.00 KB   0.0      0.0     0.0      0.0       0.0      0.0       0.0   0.0      0.0      0.0      0.00              0.00         0    0.000       0      0       0.0       0.0
 Int      0/0    0.00 KB   0.0      0.0     0.0      0.0       0.0      0.0       0.0   0.0      0.0      0.0      0.00              0.00         0    0.000       0      0       0.0       0.0

** Compaction Stats [default] **
Priority    Files   Size     Score Read(GB)  Rn(GB) Rnp1(GB) Write(GB) Wnew(GB) Moved(GB) W-Amp Rd(MB/s) Wr(MB/s) Comp(sec) CompMergeCPU(sec) Comp(cnt) Avg(sec) KeyIn KeyDrop Rblob(GB) Wblob(GB)
---------------------------------------------------------------------------------------------------------------------------------------------------------------------------------------------------

Blob file count: 0, total size: 0.0 GB

Uptime(secs): 0.0 total, 0.0 interval
Flush(GB): cumulative 0.000, interval 0.000
AddFile(GB): cumulative 0.000, interval 0.000
AddFile(Total Files): cumulative 0, interval 0
AddFile(L0 Files): cumulative 0, interval 0
AddFile(Keys): cumulative 0, interval 0
Cumulative compaction: 0.00 GB write, 0.00 MB/s write, 0.00 GB read, 0.00 MB/s read, 0.0 seconds
Interval compaction: 0.00 GB write, 0.00 MB/s write, 0.00 GB read, 0.00 MB/s read, 0.0 seconds
Stalls(count): 0 level0_slowdown, 0 level0_slowdown_with_compaction, 0 level0_numfiles, 0 level0_numfiles_with_compaction, 0 stop for pending_compaction_bytes, 0 slowdown for pending_compaction_bytes, 0 memtable_compaction, 0 memtable_slowdown, interval 0 total count
Block cache LRUCache@0x7ff3797059b8#41709 capacity: 8.00 MB collections: 1 last_copies: 0 last_secs: 8.6e-05 secs_since: 0
Block cache entry stats(count,size,portion): Misc(1,0.00 KB,0%)

** File Read Latency Histogram By Level [default] **
